NACA 1412      Re =     0.100 e 6
   alpha    CL  
----------------------------------------------------------------
 -30.000  -0.6332 
 -29.800  -0.6315 
 -29.400  -0.6282 
 -29.200  -0.6247 
 -29.000  -0.6218 
 -28.800  -0.6191 
 -28.600  -0.6165 
 -28.400  -0.6139 
 -28.200  -0.6113 
 -28.000  -0.6088 
 -27.800  -0.6066 
 -27.600  -0.6051 
 -27.200  -0.6009 
 -27.000  -0.5968 
 -26.800  -0.5934 
 -26.600  -0.5903 
 -26.400  -0.5873 
 -26.200  -0.5844 
 -26.000  -0.5816 
 -25.800  -0.5790 
 -25.600  -0.5771 
 -25.400  -0.5766 
 -25.000  -0.5696 
 -24.800  -0.5650 
 -24.600  -0.5612 
 -24.400  -0.5578 
 -24.200  -0.5547 
 -24.000  -0.5518 
 -23.800  -0.5494 
 -23.600  -0.5488 
 -23.400  -0.5507 
 -23.200  -0.5476 
 -23.000  -0.5392 
 -22.800  -0.5342 
 -22.600  -0.5300 
 -22.400  -0.5263 
 -22.200  -0.5231 
 -22.000  -0.5208 
 -21.800  -0.5216 
 -21.600  -0.5262 
 -21.400  -0.5211 
 -21.200  -0.5110 
 -21.000  -0.5053 
 -20.800  -0.5009 
 -20.600  -0.4971 
 -20.400  -0.4939 
 -20.200  -0.4917 
 -20.000  -0.4941 
 -19.800  -0.5025 
 -19.600  -0.4909 
 -19.400  -0.4809 
 -19.200  -0.4754 
 -19.000  -0.4714 
 -18.800  -0.4683 
 -18.600  -0.4669 
 -18.400  -0.4718 
 -18.200  -0.4827 
 -18.000  -0.4735 
 -17.800  -0.4585 
 -17.600  -0.4513 
 -17.400  -0.4470 
 -17.200  -0.4450 
 -17.000  -0.4505 
 -16.800  -0.4659 
 -16.600  -0.4607 
 -16.400  -0.4404 
 -16.200  -0.4330 
 -16.000  -0.4287 
 -15.800  -0.4268 
 -15.600  -0.4332 
 -15.400  -0.4537 
 -15.000  -0.4222 
 -14.800  -0.4169 
 -14.600  -0.4159 
 -14.400  -0.4257 
 -14.200  -0.4535 
 -13.800  -0.4223 
 -13.600  -0.4143 
 -13.400  -0.4153 
 -13.200  -0.4341 
 -13.000  -0.4622 
 -12.800  -0.4239 
 -12.600  -0.4140 
 -12.400  -0.4127 
 -12.200  -0.4317 
 -12.000  -0.4690 
 -11.800  -0.4290 
 -11.600  -0.4129 
 -11.400  -0.4181 
 -11.200  -0.4551 
 -10.600  -0.6040 
 -10.200  -0.5461 
 -10.000  -0.5500 
  -9.800  -0.6192 
  -9.200  -0.8019 
  -9.000  -0.8017 
  -8.800  -0.7998 
  -8.600  -0.7964 
  -8.400  -0.7909 
  -8.200  -0.7835 
  -8.000  -0.7698 
  -7.800  -0.7553 
  -7.600  -0.7423 
  -7.400  -0.7296 
  -7.200  -0.7141 
  -7.000  -0.6987 
  -6.800  -0.6836 
  -6.600  -0.6672 
  -6.400  -0.6513 
  -6.200  -0.6349 
  -6.000  -0.6187 
  -5.800  -0.6024 
  -5.600  -0.5861 
  -5.400  -0.5699 
  -5.200  -0.5537 
  -5.000  -0.5375 
  -4.800  -0.5214 
  -4.600  -0.5054 
  -4.400  -0.4891 
  -4.200  -0.4728 
  -4.000  -0.4564 
  -3.800  -0.4397 
  -3.600  -0.4229 
  -3.400  -0.4060 
  -3.200  -0.3892 
  -3.000  -0.3726 
  -2.800  -0.3563 
  -2.600  -0.3404 
  -2.400  -0.3250 
  -2.200  -0.3104 
  -2.000  -0.2970 
  -1.800  -0.2841 
  -1.600  -0.2672 
  -1.400  -0.2210 
  -1.200  -0.1626 
  -1.000  -0.0939 
  -0.800  -0.0206 
  -0.600   0.0265 
  -0.400   0.0705 
  -0.200   0.1189 
  -0.000   0.1605 
   0.200   0.2046 
   0.400   0.2509 
   0.600   0.2843 
   0.800   0.3147 
   1.000   0.3417 
   1.200   0.3655 
   1.400   0.3868 
   1.600   0.4064 
   1.800   0.4251 
   2.000   0.4434 
   2.200   0.4614 
   2.400   0.4794 
   2.600   0.4974 
   2.800   0.5154 
   3.000   0.5328 
   3.200   0.5503 
   3.400   0.5679 
   3.600   0.5856 
   3.800   0.6034 
   4.000   0.6212 
   4.200   0.6390 
   4.400   0.6558 
   4.600   0.6729 
   4.800   0.6900 
   5.000   0.7068 
   5.200   0.7231 
   5.400   0.7396 
   5.600   0.7553 
   5.800   0.7710 
   6.000   0.7861 
   6.200   0.8007 
   6.400   0.8149 
   6.800   0.8416 
   7.000   0.8546 
   7.200   0.8679 
   7.400   0.8815 
   7.600   0.8959 
   7.800   0.9107 
   8.000   0.9263 
   8.200   0.9420 
   8.400   0.9584 
   8.600   0.9756 
   8.800   0.9918 
   9.000   1.0091 
   9.200   1.0265 
   9.400   1.0414 
   9.600   1.0592 
   9.800   1.0745 
  10.000   1.0858 
  10.200   1.0991 
  10.400   1.1139 
  10.600   1.1268 
  10.800   1.1290 
  11.000   1.1294 
  11.200   1.1284 
  11.400   1.1261 
  11.600   1.1222 
  11.800   1.1138 
  12.000   1.0983 
  12.200   1.0771 
  12.400   1.0505 
  12.600   1.0194 
  12.800   0.9850 
  13.000   0.9491 
  13.200   0.9176 
  13.400   0.8947 
  13.600   0.8815 
  14.400   0.5772 
  14.600   0.5388 
  14.800   0.5285 
  15.000   0.5344 
  15.400   0.5563 
  15.600   0.5338 
  15.800   0.5343 
  16.000   0.5405 
  16.200   0.5591 
  16.400   0.5678 
  16.600   0.5443 
  16.800   0.5424 
  17.000   0.5477 
  17.200   0.5592 
  17.400   0.5889 
  17.600   0.5664 
  17.800   0.5543 
  18.000   0.5553 
  18.200   0.5596 
  18.400   0.5690 
  18.600   0.5948 
  18.800   0.5774 
  19.000   0.5690 
  19.200   0.5701 
  19.400   0.5734 
  19.600   0.5784 
  19.800   0.5869 
  20.000   0.6079 
  20.200   0.5940 
  20.400   0.5872 
  20.600   0.5886 
  20.800   0.5920 
  21.000   0.5965 
  21.200   0.6033 
  21.400   0.6207 
  21.600   0.6158 
  21.800   0.6089 
  22.000   0.6080 
  22.200   0.6102 
  22.400   0.6134 
  22.600   0.6176 
  22.800   0.6241 
  23.000   0.6393 
  23.200   0.6324 
  23.400   0.6288 
  23.600   0.6293 
  23.800   0.6316 
  24.000   0.6343 
  24.200   0.6375 
  24.400   0.6413 
  24.600   0.6467 
  25.000   0.6514 
  25.200   0.6503 
  25.400   0.6521 
  25.600   0.6544 
  25.800   0.6571 
  26.000   0.6599 
  26.200   0.6632 
  26.400   0.6674 
  26.800   0.6731 
  27.000   0.6723 
  27.200   0.6734 
  27.400   0.6754 
  27.600   0.6777 
  27.800   0.6802 
  28.000   0.6828 
  28.200   0.6858 
  28.400   0.6903 
  28.600   0.6922 
  28.800   0.6917 
  29.000   0.6926 
  29.200   0.6942 
  29.400   0.6960 
  29.600   0.6979 
  29.800   0.6999 
  30.000   0.7021 
